2 0.835979 0.550587 0.324268 0.57582 0.96173
2 0.5282 0.110699 0.291922 0.219977 0.901628
0 0.445944 0.254215 0.0828001 0.267645 0.816488
0 0.802127 0.0828503 0.0477123 0.163722 0.789441
1 0.819149 0.0965531 0.0999174 0.125977 0.767714
0 0.579629 0.325463 0.0486691 0.112984 0.671137
2 0.980207 0.149368 0.0387463 0.2962 0.656227
2 0.353791 0.152772 0.21679 0.305364 0.639343
0 0.595804 0.414219 0.0605439 0.168835 0.621042
0 0.537006 0.375571 0.0667313 0.154388 0.608965
0 0.557581 0.654034 0.0914513 0.307513 0.589321
0 0.755335 0.0220853 0.0238102 0.0438472 0.544931
1 0.286175 0.458799 0.108325 0.191782 0.512217
0 0.518369 0.579771 0.0759853 0.264974 0.350255
1 0.598578 0.602223 0.0563639 0.241026 0.32359
1 0.843555 0.0992623 0.0530346 0.121916 0.308491
26 0.467946 0.217546 0.0300941 0.0436071 0.301134
2 0.835979 0.550587 0.324268 0.57582 0.96173
2 0.5282 0.110699 0.291922 0.219977 0.901628
0 0.445944 0.254215 0.0828001 0.267645 0.816488
0 0.802127 0.0828503 0.0477123 0.163722 0.789441
1 0.819149 0.0965531 0.0999174 0.125977 0.767714
0 0.579629 0.325463 0.0486691 0.112984 0.671137
2 0.980207 0.149368 0.0387463 0.2962 0.656227
2 0.353791 0.152772 0.21679 0.305364 0.639343
0 0.595804 0.414219 0.0605439 0.168835 0.621042
0 0.537006 0.375571 0.0667313 0.154388 0.608966
0 0.557581 0.654034 0.0914513 0.307513 0.589321
0 0.755335 0.0220853 0.0238102 0.0438472 0.544931
1 0.286175 0.458799 0.108325 0.191782 0.512216
0 0.518369 0.579771 0.0759853 0.264974 0.350254
1 0.598578 0.602223 0.0563639 0.241026 0.323591
1 0.843555 0.0992623 0.0530346 0.121916 0.308491
26 0.467946 0.217546 0.0300941 0.0436071 0.301133
2 0.835979 0.550587 0.324268 0.57582 0.96173
2 0.5282 0.110699 0.291922 0.219977 0.901628
0 0.445944 0.254215 0.0828001 0.267645 0.816488
0 0.802127 0.0828503 0.0477123 0.163722 0.789441
1 0.819149 0.0965531 0.0999174 0.125977 0.767714
0 0.579629 0.325463 0.0486691 0.112984 0.671137
2 0.980207 0.149368 0.0387463 0.2962 0.656227
2 0.353791 0.152772 0.21679 0.305364 0.639343
0 0.595804 0.414219 0.0605439 0.168835 0.621042
0 0.537006 0.375571 0.0667313 0.154388 0.608966
0 0.557581 0.654034 0.0914513 0.307513 0.589321
0 0.755335 0.0220853 0.0238102 0.0438472 0.544931
1 0.286175 0.458799 0.108325 0.191782 0.512216
0 0.518369 0.579771 0.0759853 0.264974 0.350254
1 0.598578 0.602223 0.0563639 0.241026 0.323591
1 0.843555 0.0992623 0.0530346 0.121916 0.308491
26 0.467946 0.217546 0.0300941 0.0436071 0.301133
